Ro5: 5.0
diversity: 0.81057
logp: 3.33024
novelty: 0.95327
np: -1.11081
qed: 0.70438
sas: 2.47719
sas0-1: 0.8357
time: 4.159277677536011
tpsa: 67.16991
unique: 0.83594
validity: 0.83594
weight: 338.89951
